1
Assets/Resources/Terrain/Materials/tileset2.mat
16
16
0.001
0.001
8
0
base
2
0
1
1
fire
2
2
3
2
fire2
2
20
21
3
fire3
1
40
4
wood
2
64
65
5
wood2
2
82
83
6
wood3
2
98
99
7
sand
4
114
115
116
117
8
1
0
fire-base
4
5
6
7
8
9
10
11
12
13
14
15
16
17
2
1
fir2-fire
22
23
24
25
26
27
28
29
30
31
36
37
38
39
3
2
fire3-fire2
41
42
43
44
45
46
47
48
49
50
51
52
53
54
4
0
wood-base
66
67
68
69
70
71
72
73
74
75
77
76
80
81
5
4
wood2-wood
84
85
86
87
88
89
90
91
92
93
94
95
96
97
6
5
wood3-wood2
100
101
102
103
104
105
106
107
108
109
111
110
112
113
1
7
fire-sand
118
119
120
121
122
123
124
125
126
127
129
128
130
131
4
7
wood-sand
132
133
135
134
136
137
138
139
140
141
143
142
144
145
